title: shear_any
t__shear_pr = [0., -0.001, 0.001]
t__transf_pr = [0.35, 0, 0]
t__jpgpre_pr = [0.95, 65, 100]
t__jpgpost_pr = [0.95, 65, 100]
t__angles_pr = [0.5, -90., 90.]
t__rescal_pr = [0.6, -0.693147181, 0.693147181]
